100 110617
150 334222
200 494222
250 1083654
300 1567603
350 2381036
400 2980739
450 4483552
500 5053231
550 7685130
600 7919006
650 9942511
700 11265176
750 14232878
800 17669122

100 114962
200 570074
300 2283457
400 3035259
500 6215111
600 7821037
700 11497481
800 18003358
900 24039901
1000 28529777
1100 36936296
1200 50820741
1300 50571852
1400 60937087
1500 68998321

100 122074
300 1500050
500 6804939
700 11973531
900 21712988
1100 33880494
1300 49426173
1500 68502123
1700 92292741
1900 115684346
2100 145004247
2300 168004345
2500 209468444
2700 236156445
2900 272115358
100 132346
300 1417482
500 4862815
700 11282963
900 20478025
1100 35027358
1300 52373333
1500 69098667
1700 86056296
1900 110157827
2100 140547160
2300 170675358
2500 205062321
2700 237189926
2900 272363852
